0.856019 0.847038 0.403965 0.581982 0.086480 0.658878 0.658231 0.474758 0.819507 0.599209 0.702964 0.037317 0.092356 0.747627 0.041445 0.590260 0.403670 0.940415 0.989006 0.828692 0.825710 0.613998 0.613781 0.404443 0.339405 0.079625 0.804920 0.415035 0.133427 0.760014 0.766026 0.794142 0.332414 0.907621 0.985493 0.720052 0.356086 0.216734 0.147342 0.483244 0.855507 0.418447 0.092712 0.443008 0.586756 0.610074 0.981624 0.200420 0.688808 0.408951
0.628224 0.875566 0.896166 1.259739 1.001920 0.885485 0.789805 0.492950 0.879427 0.597333 1.258226 0.191318 0.948466 0.749350 0.999508 0.877377 0.428206 1.540529 0.775235 1.105963 0.634003 0.854474 0.933547 0.591362 1.220497 0.577481 1.093817 0.838450 1.052061 1.527084 0.667069 1.194977 1.057539 1.647461 1.097044 0.895847 0.736497 0.642557 0.385636 1.040929 0.903409 1.233712 0.767090 0.445544 1.413012 0.521368 0.984637 0.347431 0.984080 1.282787
0.319911 0.520452 0.934227 1.322457 1.555714 0.822060 1.229245 1.268954 0.578566 0.915617 1.815566 0.909646 1.224443 0.824603 1.616972 1.242218 0.938210 1.085955 0.710203 0.869346 0.850579 0.709087 1.161012 1.235109 1.668875 0.536967 1.470629 1.369090 1.531400 1.936563 0.766467 0.903910 1.760244 1.251660 0.787895 0.725963 0.564240 1.254517 0.763643 1.552168 1.068596 1.545482 1.576404 1.188633 1.485444 1.089314 0.661224 0.950228 0.813725 1.232347
0.194926 0.369537 0.692727 1.456432 2.018076 1.382895 1.143466 1.772334 1.307136 1.382945 2.077749 1.440929 1.496895 1.350068 2.003003 1.068504 1.440988 1.660833 0.512670 0.662726 0.630136 1.271058 1.384421 1.785069 2.078420 0.583252 1.626225 1.655626 1.159132 1.666406 1.197863 0.742160 1.610006 1.782876 1.125983 0.902792 0.534563 1.321131 0.684328 1.346166 1.232825 2.007020 1.217941 0.878683 2.004294 1.617667 1.411928 1.142197 1.255856 1.320611
0.165536 0.256788 0.548246 0.934281 1.900733 0.882474 1.926676 2.266218 1.238269 1.230867 2.232087 1.949758 1.176384 0.955597 2.114985 1.371266 1.466317 1.207666 0.544280 1.372624 1.586015 1.039548 1.812522 1.858762 2.022920 1.136227 1.654714 2.079078 1.772335 1.764933 0.999264 1.085234 1.620312 1.863746 1.248895 1.076289 0.842303 1.750767 0.747761 1.930107 1.448613 1.555181 1.878220 1.857894 1.964353 1.533352 0.812521 1.376550 1.306065 1.462284
0.337729 0.448851 0.666761 1.425250 2.048684 1.717767 2.247602 2.764088 2.320220 2.266354 3.115426 2.692925 1.791281 2.113089 2.446725 1.701408 2.196102 2.298361 1.591951 0.901781 1.813959 2.219697 2.614637 2.451099 2.724620 1.342267 2.842771 2.082469 1.954176 2.221151 1.992954 1.835811 1.819989 2.122080 2.039596 1.392358 1.566620 1.590040 1.460248 2.465351 1.764988 2.147975 1.549981 1.676049 2.499940 2.135392 2.069110 1.919996 2.379975 2.248318
0.397519 0.416469 0.262882 0.562399 0.903734 0.990726 2.217905 2.375232 2.617838 2.150024 2.138632 2.736648 1.466865 2.330114 2.017140 1.259946 1.376654 1.681042 1.571615 2.026904 1.920324 1.648455 2.118168 2.384492 2.113254 2.291828 1.983792 1.695298 1.962726 1.942841 2.283117 2.170749 1.191654 2.630593 2.534081 1.221111 2.294942 1.547612 1.678644 2.352947 1.409347 1.769564 0.980823 1.420576 1.673020 1.444319 2.286176 1.704275 2.398568 2.102749
0.760391 0.926429 1.003620 1.443506 1.376690 1.214288 2.144693 2.532951 3.025346 2.103754 3.088868 2.772949 1.897765 2.809338 2.547703 1.794931 2.017290 2.027622 2.491701 2.216906 1.806630 1.750266 2.347157 2.534006 3.218015 2.609801 2.612308 2.651891 2.249448 2.966639 3.004820 2.467176 2.315167 3.410594 2.911848 1.977545 2.285521 2.763318 2.153880 3.482456 1.843465 2.523300 2.373761 1.684044 1.882695 2.440337 2.552286 2.265958 2.534379 2.912210
0.294587 0.417409 0.507526 0.903808 1.254237 1.058386 1.683602 1.798459 2.494458 2.060485 3.048454 2.853443 1.980885 2.154055 2.073092 1.712242 2.184861 1.770920 2.036403 1.247353 1.649525 2.578933 2.269629 2.112392 2.632991 2.194308 2.357554 1.543529 2.294522 2.030254 1.908111 1.899251 1.662614 2.246651 2.473296 1.614169 2.169532 2.151889 1.909184 2.889563 2.133241 2.084391 2.057084 2.032087 2.726019 1.766089 2.063703 1.832232 2.363983 2.385049
0.293680 0.345422 0.310203 0.673262 1.015478 0.891699 1.317702 1.774567 2.412116 2.152211 3.033197 3.282519 2.237854 2.813671 2.316219 2.079210 2.481008 1.891870 1.701750 2.114661 1.524402 2.215932 2.516810 2.774224 2.676815 2.450819 2.739254 2.658392 1.983319 1.855509 2.283800 2.240457 1.804749 2.956690 2.864521 2.333444 2.213213 2.394575 1.679530 3.388176 1.758153 2.600598 2.013229 1.693141 2.458186 2.707592 1.938020 2.213572 2.843393 2.334173
0.845261 0.952863 0.701855 1.318302 1.587771 1.521024 1.893507 2.186452 2.936688 2.635884 4.045027 3.899291 3.478564 3.245630 2.699041 2.806717 3.558679 2.684463 2.464933 3.135712 2.404441 2.934799 3.750550 3.155878 3.141976 3.021965 3.395779 3.072654 3.240453 3.211193 3.329233 2.886144 3.037505 4.347494 3.583851 3.278377 2.578661 3.157410 2.321688 4.040326 3.168855 3.712211 2.964579 3.210514 3.938080 3.558351 2.864724 2.528660 3.435859 3.229728
0.176018 0.409032 0.656703 1.165674 1.419227 1.150837 1.566143 1.989980 2.988015 2.325908 3.573561 4.567577 4.405862 3.579925 3.861299 2.875174 2.987496 3.208553 2.999455 2.827691 2.615833 2.955853 3.959433 3.172694 3.772451 4.503531 4.084496 3.650998 3.714338 3.238165 3.730821 3.713058 3.658497 4.680135 3.598649 3.046879 3.325860 3.264923 3.243837 4.394768 1.993143 3.782803 3.027886 2.357836 3.588999 3.776971 2.806326 2.838703 3.549251 4.112999
0.121610 0.128624 0.182503 0.333800 1.026555 0.576774 1.954491 2.121466 1.737396 1.775192 2.423076 3.368240 3.403750 2.555679 3.251753 2.778263 2.236066 2.240658 1.417792 2.978583 3.036200 2.166343 3.540578 3.221924 2.996885 3.132817 2.739952 2.754241 3.104835 2.557148 2.697304 3.354606 2.564493 3.743129 2.322807 1.926607 3.106472 2.430213 2.834346 3.914711 2.250435 3.116516 2.588300 3.250924 2.820502 3.024890 2.359681 2.591613 3.054393 3.083460
0.555075 0.752197 0.835018 1.598630 2.173432 1.716755 2.324774 2.831331 3.226436 3.077860 4.142390 4.533402 4.545086 4.831826 5.101884 4.454306 3.316751 4.712594 3.238465 3.746478 3.371231 3.742871 4.475280 4.860353 5.025932 4.807824 5.321517 4.112491 4.390913 4.370000 4.481492 4.466950 3.861011 5.816796 4.733794 3.880580 4.484217 3.980508 3.199865 4.847263 3.754740 4.892255 3.771482 3.568022 5.023014 4.615125 4.256108 3.957668 4.746712 4.682388
0.823408 0.946780 0.848814 1.662191 2.168959 1.948782 2.671216 3.420390 4.117266 3.230698 4.911503 5.369270 4.998018 5.100371 6.045918 5.157022 4.659810 4.950022 4.939140 4.532880 4.237844 4.761155 5.633202 4.984155 6.400816 5.697328 6.101903 4.582104 4.987481 5.696283 5.912604 5.623200 5.322828 6.520039 5.634017 5.435838 5.409681 5.659312 4.939790 6.439827 5.062393 5.252622 4.866921 4.867497 6.412426 5.695878 5.764104 4.665473 5.351534 5.737326
0.832393 0.907910 0.739978 1.211946 1.217117 1.258593 1.836933 2.219079 2.961624 2.316299 3.534234 3.518726 3.339779 3.494064 3.620944 3.706622 3.657129 2.976815 3.687966 3.535052 3.582428 3.149794 3.829161 3.322109 4.543957 3.668892 4.492878 3.763208 3.500821 4.565556 4.345819 3.861468 3.673045 4.831969 4.221462 4.400629 3.688852 4.590289 4.341868 4.792303 3.608465 3.675239 4.078065 3.752724 4.759292 4.268897 4.634403 3.317285 3.574149 3.764512
0.642142 0.834978 0.821617 1.604664 2.180408 1.760782 2.402929 3.216650 4.291160 3.338191 4.720016 5.435683 5.319817 5.403090 6.270726 5.117080 4.845216 5.535151 4.445287 5.556167 5.274456 4.946116 5.981493 6.164772 6.832565 6.743205 6.948729 5.667414 5.201572 6.437687 6.019075 6.409509 5.692552 7.759467 5.998884 5.754849 6.545521 6.267714 5.522933 6.892089 4.980418 6.291524 5.325025 4.436362 7.111959 6.767019 6.515498 5.244321 6.249058 6.484431
0.188097 0.429044 0.926804 1.585706 2.322627 1.475569 2.644014 3.036876 3.122143 3.308639 4.439537 5.052835 5.028375 4.137175 5.034110 3.787891 3.855931 3.942554 3.149995 4.844115 4.711854 4.360345 5.219299 5.428635 5.919354 5.992523 6.191744 4.617511 5.888953 5.730142 4.893032 5.304921 5.661686 5.500215 4.301562 3.509369 5.876985 4.915704 4.685888 6.507955 4.111764 6.366045 5.032318 4.188517 6.196711 5.562695 5.009012 4.418950 5.525027 5.738985
0.146142 0.188834 0.260914 0.589719 0.942835 0.674235 1.010198 1.490246 1.563546 1.646303 2.081629 2.510659 2.269422 2.407039 3.164392 2.551724 2.652666 2.294012 2.454766 4.009860 3.044914 2.879121 3.828570 3.816494 4.465280 3.724283 4.017040 4.030659 3.332900 4.034829 3.711935 4.493418 3.832861 3.778165 2.992530 3.829012 4.049703 3.782109 3.848436 4.895528 2.892666 4.346712 2.889738 2.198019 4.728555 3.859926 3.751976 2.873021 3.978999 3.747416
0.167243 0.377538 0.775917 1.553971 2.378163 1.667871 2.236602 2.916180 2.829549 2.678577 4.205639 4.362894 3.873144 3.654978 4.467781 3.719463 3.832691 4.169427 3.358838 4.073181 4.544385 5.281259 5.853897 5.072128 6.199637 5.468377 6.195429 6.157417 5.712991 5.591760 5.101557 5.630682 5.339140 5.261098 4.401296 4.632446 4.867404 4.696076 4.152018 7.012406 4.123705 5.846116 4.927970 3.510430 6.669137 5.736413 4.288552 4.638700 6.029349 6.439236
0.274702 0.344362 0.504059 1.011787 1.496993 1.114182 1.789676 2.543895 2.818513 2.702186 3.822972 4.680094 4.805131 4.606476 4.884241 4.438927 3.886541 3.868190 3.758309 4.787067 4.666974 5.665904 6.139510 5.783647 7.399768 6.901973 6.001073 6.355016 5.969811 5.925311 5.955259 6.162721 6.094034 6.390717 5.509162 4.895335 6.198953 5.347779 5.580898 8.240553 4.863158 6.954539 5.864206 4.959088 6.478357 7.131296 5.296405 4.932028 6.591116 6.159622
0.819324 0.983646 0.829142 1.513243 1.947893 1.660183 2.452926 2.808648 3.655086 3.325425 4.198010 4.831905 4.909931 4.828015 5.710666 4.569052 3.852479 5.140522 4.132116 6.776736 6.140571 7.094275 6.506889 7.286113 8.284713 8.929105 7.341364 6.969051 6.868220 8.139783 6.843780 7.995792 7.579140 7.715661 7.516542 5.988346 8.097617 6.617147 6.437173 9.400228 6.002652 7.938956 5.882434 5.021145 9.271676 8.271851 7.250527 5.289197 8.217096 7.330538
0.404146 0.425561 0.388678 0.625404 1.129805 0.850764 2.348114 2.896166 3.562404 2.688175 3.972549 5.417068 4.574532 4.348643 4.919355 4.361900 4.086643 3.506568 4.550740 5.103921 5.544797 5.324170 6.271792 5.503041 6.617059 7.729475 6.532649 6.589077 6.093997 6.315786 6.737336 7.060618 6.186702 6.725953 6.397094 5.381036 6.015221 6.265734 6.735427 8.822370 5.251830 5.607674 6.342254 5.765432 6.656034 6.879267 5.946185 5.733116 6.695620 6.438905
0.800353 1.044515 1.125499 1.874305 2.012452 1.764977 2.392534 2.875332 3.923745 3.330120 4.781724 4.773871 4.511995 4.876536 4.942448 4.218797 4.233112 4.247257 4.430063 5.175841 3.983236 5.288202 5.596744 6.611953 8.275908 7.965308 6.709288 6.246749 7.309419 7.514197 7.262765 7.125041 7.117621 7.568897 6.736832 5.943260 7.452603 6.370140 6.970418 8.795066 5.975134 7.671203 6.577819 4.801483 8.193063 6.924772 7.247316 5.772668 7.923770 7.738626
0.532680 0.685136 0.724564 1.113228 1.529915 1.223392 2.347732 2.410973 3.031282 2.512736 3.999629 4.157764 3.578062 3.840684 4.951997 4.746755 3.955972 4.670724 4.889862 5.393666 5.960958 6.284620 6.764928 6.263014 9.075829 8.518459 8.414064 7.239173 7.451096 7.728058 6.836009 8.719601 7.980742 7.474227 7.394547 6.610460 8.248100 6.130182 7.367469 9.431781 7.090248 7.376883 7.564011 5.345964 8.911398 7.633779 6.970094 6.195529 9.309080 8.023912
0.631228 0.691978 0.538169 0.812339 1.019894 0.936909 2.057565 2.298139 2.673549 2.189165 3.016477 3.678884 3.716002 4.070383 4.669363 4.459499 2.936128 4.038276 3.490486 5.010446 4.680627 3.956014 5.087369 5.215208 7.009392 7.249046 7.675829 5.844825 5.951707 5.688382 6.226318 7.939109 6.920378 7.017835 6.626589 5.001152 6.614325 5.239479 6.419887 8.223465 6.078442 6.178593 6.768161 4.887215 6.150281 7.239640 6.653174 5.979659 8.117615 6.459254
0.603390 0.706635 0.624319 0.916612 1.052708 1.028466 2.002899 2.064364 2.926493 2.448787 3.991496 4.513453 4.325689 3.909613 4.614937 4.549671 4.280582 4.368456 4.987334 6.078206 6.106186 6.407312 7.368150 6.164178 8.352526 9.046031 9.187542 7.482779 8.742082 7.736554 7.722639 9.419216 8.597325 7.431981 7.381586 6.718242 8.491752 6.448565 7.602310 10.809033 7.029276 8.289053 8.280454 6.773670 9.140834 8.675467 7.924390 6.382757 9.657433 8.546862
0.599828 0.620586 0.647558 1.164205 1.928829 1.517980 3.331704 4.073598 4.428679 3.772444 5.433677 6.103512 4.649182 5.176953 5.148996 4.731311 5.209890 4.181465 4.794994 5.466979 6.011002 6.275759 7.225513 6.919856 8.222202 8.484695 8.596111 7.945364 8.544928 8.322023 9.309638 9.454665 8.318665 8.306340 8.482732 5.975863 7.460618 7.853047 7.358414 10.913289 8.009100 7.894710 8.721769 7.636861 8.344388 9.236353 7.650386 7.604897 10.421882 8.725796
0.501003 0.587585 0.557975 1.046057 1.551984 1.329756 2.580855 2.930589 3.129251 2.930301 3.656262 4.377864 3.946446 4.405390 4.627235 4.151056 3.746912 4.413782 3.655773 4.886692 4.983665 4.873785 6.094759 6.332397 6.896434 7.385202 7.220529 6.093161 7.825335 7.824720 8.323459 8.453692 7.158995 7.861274 7.452908 5.662392 8.000708 5.763120 6.625315 9.024258 6.583824 7.060582 6.378105 6.378758 8.177701 8.016850 7.572384 6.439005 8.958151 7.102879
0.725594 0.871951 0.812785 1.528062 1.831516 1.594761 2.063223 2.601782 3.132757 2.675359 3.348815 3.252726 3.266546 3.519391 4.084824 3.033039 2.973175 3.163963 3.254587 5.218149 3.807085 4.735118 4.663162 5.022271 7.533124 5.950040 6.152632 6.052996 6.843401 7.277426 8.213989 8.180822 7.519977 7.490828 7.530705 4.799058 6.866858 6.125302 6.997840 9.064258 7.418429 8.275500 7.209779 5.782875 8.409603 7.322065 8.658511 5.158620 8.385981 6.395288
0.503897 0.582445 0.444230 0.904311 1.368000 1.342661 2.199153 2.307944 2.709396 2.273792 3.551074 4.154934 4.159379 3.306293 4.390857 4.077419 3.768636 4.238345 3.785877 4.251776 5.172899 5.263671 6.305359 4.691541 6.093134 6.692627 7.325785 5.965931 7.407634 7.811894 8.906528 9.331845 8.094422 8.315044 8.538612 6.305286 7.487555 6.497438 7.106353 9.359623 7.682648 7.263798 7.680696 8.086982 8.751274 8.439875 8.030359 6.395398 9.182396 7.739516
0.715007 0.906201 0.809923 1.239311 1.155916 1.267581 1.877641 1.734929 2.474783 1.813324 2.686145 2.400651 2.682490 2.683692 3.200679 2.851070 2.399412 3.634263 3.173147 3.819264 3.873002 3.891688 4.547295 3.928522 5.984131 6.002588 6.585978 4.573007 6.086643 6.015339 6.678918 8.139010 7.876099 7.484103 6.721379 5.529681 6.838894 5.207242 6.160689 7.570691 7.380431 7.309343 6.948953 5.941896 6.933287 6.840087 7.118935 5.424391 9.096844 7.025792
0.129124 0.217908 0.385365 1.022556 1.928219 1.252525 1.602389 2.559279 3.018303 2.163418 3.529668 3.758130 2.760943 3.096835 3.548357 2.852656 3.626067 2.974876 3.175697 3.017027 3.421758 4.565489 4.604447 5.267642 7.214980 6.678982 6.247334 6.131724 6.732328 5.862203 7.316165 6.248163 7.493713 7.225577 7.085068 6.884118 6.336423 6.893809 7.377233 8.307694 7.221609 8.168423 7.980981 7.258770 8.333429 8.513922 7.576034 5.860136 7.975009 6.991690
0.269321 0.478016 0.840808 1.428630 2.173748 1.386015 2.282450 2.599608 2.705602 2.508814 4.067744 3.994565 4.230544 3.481687 4.965125 4.257394 3.905063 4.426386 3.457031 4.724087 5.671990 5.947176 6.092291 5.837284 8.253149 7.023109 8.010543 7.263365 8.061939 7.537406 6.885076 8.255988 9.249665 8.614759 7.875568 7.336565 7.884676 7.637965 7.709514 10.165291 8.354984 9.434788 9.171432 8.003630 10.241899 10.283146 7.599077 6.957715 10.038516 8.451606
0.253431 0.305342 0.485548 1.172256 2.022508 1.527722 2.579179 3.608861 3.945807 3.754715 4.966787 6.205209 4.812651 5.316478 5.048914 4.347381 4.750770 3.983364 4.350152 4.567392 4.586862 5.272828 6.370671 6.574921 7.156719 7.948194 8.170498 7.661405 8.837650 7.318357 9.336241 8.913834 9.213819 9.466725 9.590279 8.693687 8.471236 8.688985 8.365339 11.581282 9.059681 10.329499 9.085160 9.260315 10.019855 11.115831 8.943438 8.518763 10.721111 9.230163
0.279029 0.358533 0.475316 0.897608 1.225187 0.995630 1.450741 1.974736 2.495721 2.127888 3.386530 3.533770 2.955683 3.238431 3.632646 3.495229 3.592958 2.831150 3.272622 3.453448 3.443541 4.154693 4.344026 4.205797 5.990753 5.348292 5.976777 5.477040 6.534688 6.368965 6.979664 6.874466 7.487266 6.454169 6.670501 7.301962 7.015499 7.051789 7.791646 9.621720 7.292221 7.165183 7.637480 7.020102 8.596663 8.427859 7.352704 6.821307 7.929744 6.413110
0.844645 1.072086 1.079907 1.654255 1.680937 1.425176 2.042899 2.136652 2.929933 2.681467 3.774300 3.477618 3.836904 3.601877 4.277663 3.492588 3.308165 3.522877 3.523315 5.640730 4.164274 4.941846 5.122901 5.214769 6.747631 6.921060 6.910670 5.329432 7.069422 7.345462 6.908260 8.483741 9.498005 7.562718 7.725155 7.765971 9.248901 8.783760 8.980017 12.532463 9.937262 10.114905 8.783132 7.456487 10.252972 9.914222 8.855464 8.201712 9.860930 8.891405
0.741753 0.932240 1.052997 1.973039 2.418689 2.120458 2.767178 3.520262 3.821232 3.084276 4.560422 4.505659 3.693144 3.992447 4.363804 3.518762 4.235104 4.347872 4.211496 3.926498 4.808899 5.320172 6.483496 6.225198 8.333941 7.978032 8.643552 8.098550 8.963289 8.515156 9.129352 9.619630 10.314248 9.913752 9.925355 8.502161 9.518999 9.346484 9.540465 13.210112 10.767015 11.486498 10.341118 9.177218 11.105226 12.234553 10.582941 9.472048 12.933537 10.251870
0.483513 0.717778 1.029790 1.899205 2.485359 1.775178 1.946871 2.827354 3.266820 2.486645 4.499069 4.514177 4.289119 3.750456 4.935024 3.842999 4.386978 4.456320 4.485656 4.444573 4.810358 5.794082 6.046035 5.544835 7.764364 7.716336 8.181845 6.900255 7.762059 7.993377 8.592159 8.367448 9.587148 7.944610 7.706141 6.942904 8.254078 8.507689 8.543534 11.945835 9.113209 10.148297 9.887000 7.224740 10.812956 10.516765 8.553368 8.470670 10.432144 10.787676
0.627463 0.830223 0.844555 1.360424 1.652961 1.263644 1.908936 2.384210 3.499998 2.470521 4.176438 4.773278 4.462859 4.396673 4.632810 4.260123 4.165685 4.735420 4.581144 5.420052 5.438178 5.470579 5.882848 5.871229 7.409419 8.550554 7.663198 7.581360 8.279112 7.934178 7.758824 8.218217 9.102856 9.567902 7.979044 8.653948 9.498952 9.862593 8.721953 11.965475 10.146563 11.845052 11.055870 8.464515 11.788074 11.207823 9.364087 9.309729 12.142718 11.770364
0.822365 1.022357 0.976622 1.570305 1.980383 1.599173 2.606750 2.692714 3.174274 2.907071 4.213520 4.140535 4.490751 4.115767 5.148310 4.514154 3.627240 4.717086 3.873666 6.064578 5.596476 6.104820 6.463012 6.540271 8.339828 7.558975 7.185348 7.386137 8.240221 7.821815 8.031080 9.706385 8.797496 9.639669 8.451027 8.145564 9.800395 8.952051 9.137173 12.973739 9.876457 13.111449 9.836007 10.233444 12.334771 11.420220 10.251812 9.193506 12.706442 10.726906
0.497975 0.570913 0.611899 1.153866 1.534208 1.231605 1.830024 2.281720 2.216604 2.435840 3.052075 3.396649 3.139697 3.537669 3.745099 3.289534 2.918263 3.528514 2.819103 3.593259 3.790164 3.949763 4.339027 5.315080 5.459161 6.031793 6.742160 5.529195 7.165859 6.537167 6.925681 7.671976 9.344984 7.710508 7.249588 7.301988 8.094779 7.943934 8.626298 11.177580 9.787219 11.893849 9.314424 9.588432 10.443609 11.749342 9.650832 10.152413 11.509923 9.386709
0.088360 0.112951 0.224141 0.532800 1.111250 0.735406 1.564639 2.040990 1.896987 1.746022 2.265110 3.100194 2.700877 2.844991 4.026541 3.451680 2.934538 3.170541 3.106840 4.687168 4.885425 4.454672 5.039427 5.214243 7.388553 7.323723 7.789189 6.900437 8.093521 7.535817 7.875707 9.049183 9.337193 8.024747 8.192989 8.073289 9.717282 9.137905 9.915934 12.852415 10.135749 11.801997 11.135231 10.243550 12.453719 11.966152 11.942409 10.686439 12.858544 10.320867
0.451718 0.601750 0.676188 1.039110 1.304625 0.942171 1.669662 2.034354 2.467478 1.854063 3.100475 3.603848 3.175672 3.170679 3.631795 3.385880 2.993288 3.172256 3.064978 3.743303 3.661976 2.920753 4.313164 4.119504 5.545256 6.111418 6.321173 6.195480 6.689179 6.192128 7.373360 7.175413 7.139399 8.346508 8.314833 8.088039 8.517954 8.716384 8.056668 11.282357 8.152188 10.476349 9.577249 9.495138 10.466471 11.322670 9.323472 10.193467 10.596507 9.774409
0.387269 0.404252 0.274749 0.675217 0.918669 1.127889 1.908777 2.549406 3.572965 2.603854 3.716611 4.580534 3.834921 4.449797 4.111557 4.066088 4.485124 4.278013 4.698960 4.456038 5.285574 5.671988 6.954826 6.405478 8.302535 8.673311 8.332752 7.778871 9.361694 8.588859 10.143428 10.619211 9.445247 10.102040 9.249641 8.654673 10.730884 8.391952 10.421870 12.908613 10.504420 12.479056 11.667822 11.893346 12.818080 13.410812 12.655895 12.280728 15.532334 11.971001
0.796390 0.825332 0.561362 1.177631 1.523185 1.638411 2.519278 3.283616 4.313472 3.446674 4.730113 5.337011 4.344428 5.549050 4.860316 4.813483 4.796867 5.217929 4.619867 4.711312 5.490302 5.876670 6.558684 6.805772 7.325903 8.301633 8.418776 7.115632 7.298025 8.122397 9.151795 8.762130 7.622881 9.319347 9.998316 8.530209 9.794963 9.498948 8.834661 12.647596 9.315003 11.921054 9.838213 10.208906 11.270873 13.996137 11.572042 12.244074 13.504083 12.441082
0.344367 0.535627 0.736706 1.413632 2.185165 1.572183 2.475763 3.211110 4.033322 3.050830 4.695142 5.232788 4.459134 4.701589 5.125513 4.464771 4.593363 4.873396 4.334501 4.370564 5.596546 6.279127 6.607764 6.416263 8.201416 8.674081 8.432935 7.836076 8.137436 8.625082 9.117608 9.046370 9.583199 9.990084 9.992944 8.835328 9.398095 10.004650 9.530518 12.631566 10.228932 11.711087 11.037806 9.871713 11.335539 12.485658 11.151274 10.985213 12.714395 12.486037
0.071862 0.185120 0.334582 0.611577 1.276194 0.647075 1.501294 1.998636 2.314633 1.673877 2.593439 3.251410 2.340576 2.470178 3.083695 2.220220 2.340858 2.037708 1.974277 3.522916 2.773455 3.346169 3.830444 4.712630 6.627412 6.788985 5.952330 6.904917 7.690270 6.413503 8.324245 8.224885 8.485619 8.848035 9.085601 7.782128 7.963357 8.962233 9.153174 12.087132 9.030266 11.171219 10.696795 9.852136 11.402803 12.482956 11.278542 12.750518 13.291203 10.246654
0.783400 0.920485 0.922377 1.729902 2.408737 1.834176 2.631302 3.364572 3.472152 3.175446 4.542770 4.835434 4.482685 4.659703 5.860024 4.826180 4.414569 5.057316 4.349483 6.368130 5.653351 5.635901 6.618384 6.825227 8.564885 8.434924 9.273383 7.862406 8.527493 8.669960 9.359403 10.273760 10.420610 9.786363 9.196616 8.071689 9.971777 9.763746 8.690390 12.695841 10.300516 12.359004 11.014144 10.233400 12.872598 13.672931 11.960940 12.616814 14.531442 11.903347
0.713639 0.918617 1.017195 1.773232 2.394850 1.738622 2.550458 3.087159 3.053999 2.588449 3.883776 3.829600 3.695155 3.461143 5.055088 3.890101 3.778867 4.355696 3.461102 5.889407 5.591187 5.322072 6.202166 6.450792 8.304317 7.647544 8.003721 7.807330 7.768132 8.191452 7.530496 8.833611 9.556694 8.813023 7.652445 7.986628 8.787202 8.730083 9.893428 13.079120 9.449412 11.530058 10.346162 9.655964 13.028468 13.004023 11.500289 12.553400 14.562008 11.565887
